,City,Latitude,Longitude,Max Temp (C),Wind Speed (kph),Cloudiness Percent,Humidity Percent
0,Albany,42.65,-73.75,8.33,3.1,90,81
1,Barrow,-38.31,-60.23,24.27,7.36,36,59
2,Ribeira Grande,38.52,-28.7,16.0,3.6,20,63
3,Dikson,73.51,80.55,-4.04,7.96,76,95
4,Weinan,34.5,109.46,15.0,5.0,0,12
5,Keti Bandar,24.14,67.45,26.52,7.61,8,84
6,Iqaluit,63.75,-68.52,-4.0,4.6,90,85
7,Qaanaaq,77.48,-69.36,-19.94,3.91,12,75
8,Ushuaia,-54.81,-68.31,14.0,16.5,75,58
9,Hilo,19.71,-155.08,18.0,2.6,40,72
10,Verkhnevilyuysk,63.45,120.31,-11.74,1.16,64,58
11,Hovd,63.83,10.7,4.44,3.6,75,93
12,Vaini,15.34,74.49,22.57,1.46,0,87
13,Plettenberg Bay,-34.05,23.37,19.27,4.01,0,99
14,Sungairaya,0.7,108.9,24.87,1.21,36,90
15,Mataura,-46.19,168.86,9.44,1.21,0,96
16,Saskylakh,71.97,114.09,-8.59,6.51,20,75
17,Okato,-39.19,173.88,17.78,4.66,64,83
18,Sur,22.57,59.53,24.42,3.11,0,91
19,Sitka,37.17,-99.65,6.11,3.13,76,98
20,East London,-33.02,27.91,23.0,3.6,0,69
21,Puerto Ayora,-0.74,-90.35,29.0,5.7,20,74
22,Tuatapere,-46.13,167.69,9.44,1.66,8,96
23,Graham,36.07,-79.4,22.22,3.6,1,26
24,Aloleng,16.13,119.78,26.97,2.96,48,91
25,Hithadhoo,-0.6,73.08,28.27,3.31,12,100
26,Miracema do Tocantins,-9.56,-48.4,27.47,2.66,24,95
27,Jamestown,-33.21,138.6,7.77,4.81,8,78
28,El Tigre,8.89,-64.25,33.42,6.36,8,46
29,Brunico,46.8,11.94,19.0,2.6,0,24
30,Nevel,56.02,29.92,7.87,6.91,8,69
31,Hobart,-42.88,147.33,13.0,1.5,75,82
32,Makkaveyevo,51.75,113.95,-12.0,1.0,56,78
33,Francavilla al Mare,42.42,14.29,15.56,4.1,0,33
34,Busselton,-33.64,115.35,15.56,8.11,0,35
35,Broken Hill,-31.97,141.45,13.0,10.8,0,43
36,Okha,53.59,142.95,-12.19,3.71,48,81
37,Punta Arenas,-53.16,-70.91,12.0,20.1,40,58
38,Provideniya,64.42,-173.23,-0.19,12.91,92,94
39,Mount Isa,-20.73,139.49,23.0,1.0,90,94
40,Aldan,58.61,125.39,-16.94,1.06,12,56
41,Bandarbeyla,9.49,50.81,26.47,3.31,0,100
42,Manokwari,-0.87,134.08,26.57,3.41,76,100
43,Bogorodskoye,52.37,140.44,-9.19,1.51,68,78
44,Davenda,53.56,119.32,-14.69,1.06,48,69
45,Jaisalmer,26.91,70.91,24.22,2.81,0,38
46,Acajutla,13.59,-89.83,31.47,2.51,12,44
47,Sao Filipe,14.9,-24.5,22.42,7.91,0,91
48,Rikitea,-23.12,-134.97,25.07,4.76,92,100
49,Kapaa,22.08,-159.32,21.0,2.1,90,88
50,San Quintin,17.54,120.52,21.27,0.91,24,81
51,Ilulissat,69.22,-51.1,-7.0,7.7,75,41
52,Vilyuysk,63.75,121.63,-13.59,1.16,68,67
53,Georgetown,6.8,-58.16,30.0,7.2,40,74
54,New Norfolk,-42.78,147.06,13.0,1.5,75,82
55,Hermanus,-34.42,19.24,22.22,1.34,0,80
56,Vawkavysk,53.15,24.45,8.77,8.06,12,72
57,Uwajima,33.22,132.57,11.57,2.26,32,83
58,Husavik,50.56,-96.99,2.22,5.36,48,96
59,Pacific Grove,36.62,-121.92,14.44,2.46,1,76
60,Kysyl-Syr,63.9,122.77,-16.69,1.16,0,58
61,Castro,-42.48,-73.76,12.0,5.1,90,81
62,Port Alfred,-33.59,26.89,21.17,4.81,0,90
63,Nanortalik,60.14,-45.24,0.12,4.66,92,99
64,Bluff,-23.58,149.07,22.57,3.06,92,96
65,San Luis,-33.3,-66.34,27.67,4.91,0,45
66,Ahipara,-35.17,173.16,18.37,4.66,92,97
67,Placido de Castro,-10.34,-67.19,29.57,1.36,80,71
68,Guilin,25.28,110.29,16.0,1.21,48,93
69,Kilemary,56.78,46.86,-1.69,3.61,0,85
70,Kargil,34.56,76.13,-8.44,0.61,92,88
71,Aksha,50.28,113.29,-11.09,1.31,48,67
72,Avarua,-21.21,-159.78,25.0,3.6,88,78
73,Tuktoyaktuk,69.44,-133.03,-7.0,5.7,90,85
74,Mindelo,41.31,-8.72,21.67,2.6,0,52
75,Talara,-4.58,-81.27,17.0,4.56,40,290
76,Sexsmith,55.35,-118.78,6.11,2.6,40,83
77,Lalmohan,22.34,90.74,25.42,4.16,8,91
78,Sjenica,43.27,20.0,4.57,2.71,0,48
79,Novoagansk,61.94,76.66,1.52,3.66,92,80
80,Nikolskoye,59.7,30.79,9.0,7.0,0,66
81,Bredasdorp,-34.53,20.04,23.0,2.6,0,69
82,Port Elizabeth,39.31,-74.98,19.44,2.6,90,51
83,Chuy,-33.69,-53.46,23.97,7.86,76,77
84,Castro-Urdiales,43.38,-3.22,21.67,4.6,0,45
85,Kaitangata,-46.28,169.85,6.67,1.34,0,91
86,Beidao,34.57,105.89,1.42,1.11,0,54
87,Mumford,5.26,-0.76,29.82,4.41,8,68
88,Klaksvik,62.23,-6.59,5.0,8.2,68,65
89,Ponta do Sol,-20.63,-46.0,27.82,2.01,56,57
90,Luderitz,-26.65,15.16,19.47,4.36,8,81
91,Pisco,-13.71,-76.2,22.0,3.6,40,30
92,Sambava,-14.27,50.17,24.92,2.66,88,100
93,Hasaki,35.73,140.83,7.0,3.6,75,81
94,Moba,-7.04,29.77,21.82,1.31,12,100
95,Port Hardy,50.7,-127.42,8.0,1.0,75,87
96,Verkhoyansk,67.55,133.39,-25.14,1.21,12,39
97,Yellowknife,62.45,-114.38,-3.89,2.1,75,79
98,Deputatskiy,69.3,139.9,-19.54,1.21,68,58
99,Tarakan,3.3,117.63,26.37,1.96,32,100
100,Phek,25.7,94.46,13.17,0.51,8,87
101,Cape Town,-33.93,18.42,22.22,6.2,0,68
102,Tiksi,71.64,128.87,-8.94,5.21,36,82
103,Katsuura,33.93,134.5,10.56,1.0,40,76
104,Peterhead,-34.83,138.5,13.33,8.2,40,58
105,Redlands,34.06,-117.19,16.0,1.5,5,62
106,Saint-Georges,46.12,-70.67,6.11,0.89,76,79
107,Bambous Virieux,-20.34,57.76,27.0,1.5,20,78
108,Lagoa,37.14,-8.45,19.44,5.7,20,59
109,Harper,30.3,-99.24,18.0,6.2,90,82
110,De Aar,-30.65,24.01,18.42,1.66,0,39
111,Kodiak,39.95,-94.76,8.89,6.2,90,45
112,Ziarat,30.38,67.73,8.22,3.86,0,42
113,Srikakulam,18.29,83.89,28.77,7.26,0,96
114,Cherskiy,68.75,161.3,-16.59,2.31,48,68
115,Virginia Beach,36.85,-75.98,21.67,5.1,20,45
116,Port Lincoln,-34.72,135.86,14.67,8.61,76,92
117,Vilcun,-38.65,-72.23,12.0,3.1,90,87
118,Carnarvon,-30.97,22.13,19.67,3.41,0,14
119,Poum,41.28,20.71,13.0,7.7,20,11
120,Mildura,-34.18,142.16,11.0,4.6,0,57
121,Butaritari,3.07,172.79,27.67,7.46,92,100
122,Muisne,0.61,-80.02,26.0,1.5,90,88
123,Reyes,-14.3,-67.34,28.0,3.1,90,74
124,Moosomin,50.14,-101.67,1.67,7.61,48,96
125,Goderich,43.74,-81.71,6.67,1.86,0,76
126,Adeje,5.68,5.76,30.27,3.56,56,67
127,Upernavik,72.79,-56.15,-10.49,3.66,0,100
128,Grand Forks,47.91,-97.06,3.33,5.1,75,69
129,Khatanga,71.98,102.47,-6.99,4.36,68,89
130,Luba,17.32,120.7,21.27,0.91,24,81
131,Hayden,47.77,-116.79,6.11,4.1,75,93
132,Kapit,2.02,112.94,24.27,0.86,32,85
133,Arraial do Cabo,-22.97,-42.02,29.0,5.1,40,54
134,Airai,-8.93,125.41,20.77,0.51,56,91
135,Mahebourg,-20.41,57.7,27.0,1.5,20,78
136,Jasper,33.83,-87.28,21.67,2.61,56,46
137,Pochutla,15.74,-96.47,32.22,2.66,5,40
138,Khorixas,-20.37,14.96,27.77,2.51,88,40
139,Geraldton,49.72,-86.95,-2.0,5.7,20,36
140,Namibe,-15.19,12.15,29.0,4.1,40,74
141,Havre-Saint-Pierre,50.23,-63.6,2.0,3.1,90,80
142,Maldonado,-34.91,-54.96,22.0,5.1,75,73
143,Gatton,-27.56,152.28,23.89,3.6,75,94
144,Port Shepstone,-30.74,30.45,22.17,2.51,8,93
145,Touros,-5.2,-35.46,29.0,4.1,75,79
146,Ozernovskiy,51.5,156.52,-3.84,1.76,24,94
147,Craig,40.52,-107.55,4.0,4.6,75,69
148,Saint-Philippe,45.36,-73.48,7.78,6.2,90,80
149,Marystown,47.17,-55.16,3.47,8.21,56,73
150,Tual,-5.67,132.75,25.52,5.56,92,100
151,Tumaco,1.8,-78.82,24.42,2.16,92,100
152,Ola,59.58,151.3,-10.89,4.01,0,100
153,Vanimo,-2.67,141.3,29.07,7.06,12,96
154,Hervey Bay,-25.3,152.85,25.0,2.6,40,88
155,Norman Wells,65.28,-126.83,1.0,7.2,90,86
156,Vostok,46.45,135.83,-17.29,0.91,0,58
157,Iracoubo,5.48,-53.21,30.12,3.11,24,61
158,Takoradi,4.89,-1.75,29.02,3.46,0,92
159,Portland,45.52,-122.67,10.0,2.1,90,100
160,The Valley,18.22,-63.06,29.44,5.7,40,65
161,Alice Springs,-23.7,133.88,24.0,5.1,0,36
162,Port Blair,11.67,92.75,28.47,2.76,36,100
163,Kulob,37.91,69.78,12.0,2.0,75,93
164,Nsanje,-16.92,35.26,24.47,2.56,0,67
165,Fairbanks,64.84,-147.72,-1.0,1.5,90,100
166,Karanja,20.48,77.49,22.57,1.76,0,58
167,Kavieng,-2.57,150.8,28.82,3.21,36,100
168,Caraballeda,10.61,-66.85,28.89,0.45,8,43
169,Calama,-22.46,-68.93,23.0,8.2,0,23
170,Tasiilaq,65.61,-37.64,-7.0,1.0,40,62
171,Coos Bay,43.37,-124.22,10.0,3.6,90,87
172,Seoul,37.57,126.98,8.0,3.6,90,80
173,Dingle,11.0,122.67,21.67,3.56,0,70
174,Kapuskasing,49.42,-82.43,-2.0,5.7,20,36
175,Ostrovnoy,68.05,39.51,-4.04,3.76,24,78
176,Sorland,67.67,12.69,2.0,8.7,40,64
177,Mar del Plata,-46.43,-67.52,21.67,11.66,64,42
178,Sivaki,52.63,126.75,-13.64,1.11,24,52
179,Cidreira,-30.17,-50.22,25.47,7.81,24,71
180,Yar-Sale,66.83,70.83,-0.64,6.46,68,88
181,Pevek,69.7,170.27,-23.39,3.21,0,69
182,Praia,-20.25,-43.81,29.0,3.6,40,45
183,Yatou,3.63,9.81,30.42,5.71,8,86
184,Alofi,-19.06,-169.92,25.0,3.6,75,94
185,Kungurtug,50.6,97.53,-18.54,1.06,0,54
186,Frontignan,43.45,3.75,16.11,3.1,0,44
187,Thompson,55.74,-97.86,-11.0,5.7,20,51
188,Tomatlan,19.93,-105.25,29.07,1.66,0,55
189,Vardo,39.62,-77.74,17.22,2.6,90,58
190,Mount Gambier,-37.83,140.78,7.0,5.1,48,81
191,Zhigansk,66.77,123.37,-12.54,1.91,56,76
192,Mehamn,71.03,27.85,0.0,14.9,0,84
193,Ejura,7.38,-1.37,34.07,2.06,32,46
194,Sept-Iles,50.2,-66.38,0.0,3.6,90,59
195,Dali,25.6,100.24,6.47,0.71,0,100
196,Monroe,41.91,-83.4,10.0,3.1,90,81
197,Srednekolymsk,67.46,153.71,-20.69,1.41,0,55
198,Necochea,-38.55,-58.74,24.82,7.01,0,59
199,Nizhniy Tsasuchey,50.52,115.13,-12.44,1.36,32,64
200,Ballina,54.11,-9.15,11.11,5.1,75,81
201,Barreirinha,-2.8,-57.07,32.37,2.26,56,61
202,Pangody,65.85,74.49,-0.54,7.11,88,90
203,Nome,30.04,-94.42,22.0,4.6,75,77
204,Lebu,8.96,38.73,15.87,2.96,20,49
205,Gat,14.69,-16.54,25.0,9.8,0,50
206,Arlit,18.74,7.39,31.27,3.21,0,20
207,Svatove,49.42,38.16,3.32,5.86,92,81
208,Bethel,60.79,-161.76,-2.0,1.5,75,92
209,Leh,34.16,77.58,-15.94,0.56,88,65
210,Muzhi,65.4,64.7,-3.19,5.51,0,76
211,Kudahuvadhoo,2.67,72.89,29.12,3.86,0,100
212,Chokurdakh,70.62,147.9,-9.14,4.66,80,79
213,Kristiansund,63.12,7.73,7.0,11.8,75,93
214,Debre Tabor,11.86,38.01,14.32,2.31,56,87
215,Kutum,14.2,24.66,20.47,3.41,0,12
216,Henties Bay,-22.12,14.28,19.44,3.13,32,82
217,Isla Mujeres,21.23,-86.73,27.0,4.6,75,57
218,Palmer,-34.85,139.16,13.33,8.2,40,58
219,Nha Trang,12.24,109.19,29.0,2.1,20,79
220,Napajedla,49.17,17.51,15.56,1.5,0,44
221,Iganga,0.62,33.48,22.97,1.26,0,74
222,Los Llanos de Aridane,28.66,-17.92,19.0,2.6,40,59
223,Constitucion,23.99,-104.67,21.11,1.5,5,23
224,Mackay,53.65,-115.58,-1.0,1.0,75,74
225,Khorramshahr,30.43,48.18,25.0,3.1,40,27
226,Kumluca,36.37,30.29,2.57,0.81,92,96
227,Sao Jose da Coroa Grande,-8.9,-35.15,26.02,3.66,92,100
228,Laguna,27.52,-110.01,23.0,3.1,5,27
229,Paracambi,-22.61,-43.71,29.0,1.5,75,94
230,Antalaha,-14.9,50.28,25.92,3.21,80,94
231,Noshiro,40.21,140.05,2.52,3.76,44,100
232,Cayhagan,9.67,122.43,26.17,2.86,24,97
233,Olinda,-2.03,-79.75,27.0,3.1,75,78
234,Ust-Kuyga,70.0,135.55,-16.19,1.66,76,82
235,Mahibadhoo,3.78,72.97,29.07,2.31,0,100
236,Garh Maharaja,30.83,71.9,23.17,2.11,44,66
237,Cabo San Lucas,22.89,-109.91,28.33,2.06,5,30
238,Bundaberg,-24.87,152.35,25.0,2.6,40,88
239,Umba,66.69,34.34,-0.54,1.76,88,91
240,Torbay,47.66,-52.73,6.11,8.2,75,44
241,Tezu,27.93,96.16,16.27,0.86,80,49
242,Padang,-0.92,100.36,25.0,3.6,75,100
243,Guadalupe y Calvo,26.09,-106.96,24.47,1.16,0,11
244,Gorontalo,0.54,123.06,22.87,0.31,44,93
245,Ouro Preto do Oeste,-10.75,-62.22,28.57,1.31,64,79
246,Nemuro,43.32,145.57,-1.59,9.61,24,100
247,Bilibino,68.06,166.44,-25.94,0.96,0,42
248,Scarborough,54.28,-0.41,17.22,4.1,64,42
249,Kaoma,-14.8,24.8,25.32,4.01,24,36
250,Miri,10.31,9.75,30.97,2.41,0,25
251,Groningen,53.22,6.57,16.67,1.5,0,58
252,Pandamatenga,-18.54,25.64,32.0,5.7,0,27
253,Nadym,65.53,72.51,-0.14,6.11,80,90
254,Qeshm,26.96,56.27,25.0,4.1,0,57
255,Marawi,8.0,124.29,22.78,2.24,36,86
256,Luanda,-8.83,13.24,28.0,3.1,75,74
257,Savannah Bight,16.45,-85.85,25.42,3.21,8,100
258,Siva,35.21,25.04,12.22,12.9,90,87
259,Sobolevo,54.43,31.9,7.47,5.81,56,76
260,Hazorasp,41.32,61.08,12.0,1.81,0,50
261,San Cristobal,-0.39,-78.55,18.0,1.5,90,68
262,Yuanping,38.72,112.71,-4.09,4.26,0,40
263,Atuona,-9.8,-139.03,27.82,5.66,0,100
264,Egvekinot,66.32,-179.17,-10.59,1.51,92,84
265,Aykhal,65.95,111.51,-10.69,1.41,48,62
266,Marsh Harbour,26.54,-77.06,22.97,7.71,64,100
267,Aksum,14.12,38.72,14.32,1.21,20,87
268,Katobu,-4.94,122.53,24.57,2.31,80,100
269,Acapulco,16.86,-99.88,29.0,1.5,40,66
270,Wattegama,7.35,80.68,20.42,1.76,8,92
271,Karaton,-6.34,106.1,27.0,2.1,40,74
272,Kaeo,-35.1,173.78,17.78,4.56,92,94
273,Kidal,18.44,1.41,35.42,3.76,92,15
274,Codrington,-28.95,153.24,24.0,2.6,90,94
275,Ponca City,36.73,-97.07,19.44,5.7,90,100
276,Mogadishu,2.04,45.34,28.67,7.11,0,97
277,Faya,18.39,42.45,20.0,5.1,20,63
278,Omboue,-1.57,9.26,28.62,5.21,64,100
279,Isangel,-19.55,169.27,24.0,2.6,88,88
280,Batagay,67.65,134.64,-25.09,1.26,20,40
281,Ponnani,10.77,75.93,29.0,2.1,40,79
282,Neyvo-Shaytanskiy,57.73,61.25,-2.14,1.11,80,87
283,Severo-Kurilsk,50.68,156.12,-1.79,4.51,48,99
284,Novikovo,45.05,34.56,-0.19,1.16,0,100
285,Freeport,26.54,-78.7,24.0,7.2,40,60
286,Anzio,41.45,12.63,18.89,5.1,0,29
287,Frankfort,38.2,-84.87,15.56,3.91,1,82
288,Dabat,12.98,37.77,22.32,0.36,88,33
289,Darhan,49.49,105.92,-11.29,1.31,8,68
290,Clyde River,70.47,-68.59,-21.0,8.2,75,83
291,Comodoro Rivadavia,-45.87,-67.48,24.0,15.9,0,23
292,Hampton,42.74,-93.2,8.89,4.1,40,44
293,Roura,4.73,-52.33,31.0,7.2,0,55
294,Rock Sound,24.9,-76.2,23.47,6.96,0,100
295,Kouango,4.99,19.98,26.82,2.21,0,61
296,Peniche,39.36,-9.38,23.0,2.6,0,92
297,Simao,22.76,100.79,11.72,1.31,0,60
298,Lata,30.78,78.62,7.77,0.96,12,89
299,Pskov,57.82,28.33,11.0,7.0,8,57
300,Blagoveshchenka,52.83,79.87,-0.14,3.56,64,74
301,Krasnaya Polyana,45.47,34.13,2.47,3.21,8,65
302,Hamilton,32.3,-64.78,20.0,10.8,90,72
303,Aklavik,68.22,-135.01,-1.0,2.1,90,92
304,Pampa,35.54,-100.96,10.0,5.1,90,93
305,Waipawa,-39.94,176.59,10.57,1.56,20,82
306,Batagay-Alyta,67.8,130.41,-24.94,1.26,0,18
307,Guerrero Negro,27.97,-114.04,20.17,2.81,12,61
308,Salalah,17.01,54.1,27.0,1.5,0,83
309,Tsurib,42.24,46.83,-7.04,0.76,88,88
310,Burnie,-41.05,145.91,8.89,5.81,56,84
311,Rome,41.89,12.48,18.89,5.7,0,36
312,Amuntai,-2.42,115.25,24.67,0.86,76,92
313,Presidencia Roque Saenz Pena,-26.79,-60.44,32.07,2.71,0,64
314,Nara,34.68,135.8,13.0,2.6,90,66
315,Hastings,-39.64,176.84,16.92,1.51,100,100
316,Komsomolskiy,67.55,63.78,-3.34,8.61,0,85
317,Alto Araguaia,-17.32,-53.22,31.82,5.26,68,43
318,Domat,46.83,9.45,13.33,3.1,0,48
319,Kavaratti,10.57,72.64,28.92,4.26,0,100
320,Zarubino,42.65,131.06,1.82,2.71,20,88
321,Pangnirtung,66.15,-65.72,-4.0,9.8,90,49
322,Sinj,43.7,16.64,18.0,3.6,0,39
323,Barra Patuca,15.8,-84.28,25.57,3.66,12,87
324,Monrovia,6.33,-10.8,34.0,5.7,20,56
325,Hirara,24.8,125.28,23.47,5.11,92,100
326,Venado,22.93,-101.09,27.37,1.31,0,31
327,Berdigestyakh,62.1,126.7,-18.84,1.16,0,57
328,Steinbach,49.53,-96.69,2.22,7.7,90,83
329,Mimongo,-1.62,11.6,23.77,1.31,92,91
330,Lasa,34.92,32.53,17.0,8.2,40,72
331,Prince Rupert,54.32,-130.32,5.0,0.71,1,80
332,Dodge City,37.75,-100.02,5.0,5.7,90,93
333,Ayan,40.67,33.6,-3.34,1.81,0,50
334,San Juan,-31.54,-68.53,26.67,1.71,0,51
335,Honiara,-9.43,159.96,22.82,1.16,12,100
336,Hofn,64.25,-15.21,4.0,7.7,20,48
337,Hirado,33.32,129.49,15.0,4.66,88,72
338,Saint-Augustin,44.83,-0.61,21.0,3.6,0,37
339,Leningradskiy,69.38,178.42,-16.59,4.51,56,88
340,Saint-Pierre,48.95,4.24,18.0,3.1,0,48
341,Sarstedt,52.23,9.85,17.22,2.1,0,55
342,Victoria,5.28,115.24,27.0,1.66,75,94
343,Kenitra,34.26,-6.57,22.0,3.6,20,49
344,Ugoofaaru,5.67,73.0,29.07,1.56,24,100
345,Tilichiki,60.47,166.1,-6.74,3.91,56,76
346,Saint-Prosper,46.21,-70.48,6.11,0.89,68,79
347,Yarada,17.65,83.27,28.0,2.6,0,83
348,Nagapattinam,10.76,79.84,25.97,3.76,0,76
349,Tazovskiy,67.47,78.7,-1.64,5.26,76,92
350,Te Anau,-45.41,167.72,1.27,1.16,8,80
351,Araouane,18.9,-3.53,36.72,3.31,56,15
352,Hukuntsi,-23.98,21.76,28.22,1.26,76,35
353,Sao Gabriel da Cachoeira,-0.13,-67.09,27.0,1.0,75,83
354,Nuuk,64.17,-51.74,0.0,7.7,90,90
355,Porto Novo,-23.68,-45.44,26.0,2.6,75,61
356,Souillac,45.6,-0.6,20.0,3.6,0,34
357,Stephenville,32.22,-98.2,20.0,8.2,90,72
358,Brae,60.4,-1.35,8.0,7.7,20,75
359,Rocha,-34.48,-54.34,22.57,4.81,92,75
360,Yecla,38.61,-1.12,16.11,7.2,20,59
361,Pleasanton,37.66,-121.87,13.33,1.96,1,81
362,Lompoc,34.64,-120.46,17.22,5.26,1,76
363,Talnakh,69.49,88.39,-2.39,6.06,92,90
364,Shahdadkot,27.85,67.91,25.07,4.11,0,31
365,Gilbues,-9.83,-45.34,30.02,3.46,12,70
366,Bereda,43.27,-7.54,19.0,5.1,20,42
367,Abu Dhabi,24.47,54.37,25.0,3.1,0,57
368,Jacareacanga,-6.22,-57.76,30.42,1.31,44,74
369,Chicama,-7.84,-79.15,22.0,4.1,75,83
370,Inuvik,68.36,-133.71,-1.0,1.5,75,85
371,Aginskoye,51.11,114.54,-11.84,1.36,56,60
372,Faanui,-16.48,-151.75,28.82,2.81,0,100
373,Saint Anthony,43.97,-111.68,2.22,2.6,90,80
374,Kalmunai,7.42,81.82,22.27,2.66,0,95
375,Elmira,42.09,-76.81,10.0,2.6,90,93
376,Sisimiut,66.94,-53.67,-7.29,1.21,56,87
377,Gizo,31.8,34.94,22.0,3.6,75,43
378,Ankazoabo,-22.29,44.51,25.12,1.66,44,73
379,Banda Aceh,5.56,95.32,24.37,1.26,8,98
380,San Patricio,-26.98,-56.83,31.92,1.96,0,60
381,Beloha,-25.17,45.06,25.22,5.21,0,67
382,Sorong,-0.86,131.25,27.12,1.81,56,100
383,Derzhavinsk,51.1,66.31,1.47,4.76,36,97
384,Belyy,55.83,32.94,6.92,5.66,0,79
385,Beringovskiy,63.05,179.32,0.47,8.91,92,95
386,Almaznyy,48.03,40.04,5.0,7.0,20,60
387,Altona,41.11,-90.16,12.78,7.2,90,50
388,Tessalit,20.2,1.01,34.27,1.76,88,18
389,Wodonga,-36.12,146.89,16.0,5.7,90,72
390,Asosa,10.07,34.53,25.42,2.66,0,27
391,Coffs Harbour,-30.3,153.13,24.0,7.7,40,78
392,Esperance,10.24,-61.45,31.0,7.2,40,62
393,Itoman,26.12,127.67,23.0,3.1,40,88
394,Constantine,36.36,6.61,16.0,3.6,40,48
395,Margate,-43.03,147.26,13.0,1.96,75,82
396,Tabou,4.42,-7.36,29.77,5.81,0,95
397,Chapais,49.78,-74.86,-10.0,2.6,1,47
398,Papillion,41.15,-96.04,7.0,5.1,90,70
399,Yeysk,46.71,38.27,5.37,5.11,12,82
400,Tongzi,28.78,105.09,19.27,2.06,92,71
401,Kisangani,0.52,25.21,32.0,2.1,20,59
402,Russell,-33.01,-68.8,24.0,3.1,0,47
403,Meiganga,6.52,14.29,27.22,1.86,8,43
404,Hauterive,46.09,3.45,18.0,2.6,0,31
405,Creston,41.06,-94.36,10.0,6.7,75,61
406,Shingu,33.72,135.99,13.97,1.11,12,100
407,Teguise,29.06,-13.56,20.0,3.6,40,77
408,Pahrump,36.21,-115.98,15.56,4.6,1,32
409,Chulumani,-16.41,-67.53,14.42,1.01,88,94
410,Richards Bay,-28.77,32.06,23.17,3.21,56,88
411,Maragogi,-9.01,-35.22,26.02,3.66,92,100
412,Narsaq,60.91,-46.05,-3.0,6.7,75,73
413,Phrae,18.14,100.15,29.44,0.86,0,38
414,Itarema,-2.92,-39.92,26.12,2.61,92,100
415,Grande Prairie,55.17,-118.79,0.0,2.6,40,83
416,Talcahuano,-36.72,-73.12,16.0,2.6,90,67
417,La Ronge,55.1,-105.3,-3.0,5.7,40,63
418,Kruisfontein,-34.0,24.73,19.17,5.56,0,79
419,Makakilo City,21.35,-158.09,19.0,1.5,1,88
420,Fez,34.03,-5.02,24.0,4.6,40,36
421,Paros,44.39,3.51,7.92,2.51,0,45
422,Sampit,-2.54,112.95,25.82,1.51,92,86
423,Rawson,-43.3,-65.11,29.92,5.56,0,27
424,Ambilobe,-13.19,49.05,22.02,1.96,88,99
425,Zwedru,6.07,-8.13,24.47,3.46,36,98
426,Xuanhua,40.61,115.04,-5.54,4.76,24,59
427,Montelimar,10.54,-84.57,26.47,2.31,48,69
428,Mecca,21.43,39.83,23.77,1.86,0,55
429,Rodino,52.5,80.2,-2.39,2.61,12,68
430,Smithers,54.78,-127.17,-2.0,1.5,5,79
431,Xiangxiang,27.73,112.52,13.77,1.66,48,88
432,Acari,-6.44,-36.64,25.57,2.96,80,90
433,Kenai,60.55,-151.26,0.0,1.26,40,86
434,Yumen,40.29,97.04,-1.34,4.56,32,56
435,Manicore,-5.81,-61.3,23.0,1.5,90,100
436,Bonthe,7.53,-12.5,31.32,3.06,0,57
437,Nisia Floresta,-6.09,-35.21,30.0,6.2,40,70
438,Pitea,65.32,21.48,5.56,11.3,0,41
439,Dunmore East,52.15,-6.99,12.22,2.68,0,73
440,Gorlice,49.66,21.16,13.33,3.13,8,48
441,Port Macquarie,-31.43,152.91,23.33,5.1,40,73
442,Vidim,50.47,14.53,14.44,1.5,0,57
443,Cairns,-16.92,145.77,25.0,4.1,68,94
444,Talas,38.69,35.55,2.22,4.6,90,83
445,Zeya,53.74,127.27,-15.09,0.96,24,72
446,Porosozero,62.72,32.71,5.82,6.61,48,71
447,Pathein,16.78,94.73,21.82,2.91,12,91
448,Cap Malheureux,-19.98,57.61,27.0,1.5,20,78
449,Vila Franca do Campo,37.72,-25.43,15.0,5.7,75,67
450,Bathsheba,13.22,-59.52,30.0,9.3,20,62
451,Benalla,-36.55,145.99,13.33,6.2,40,87
452,Payo,-3.75,103.64,22.77,1.61,76,95
453,Plastun,44.76,136.29,-14.69,0.96,0,55
454,Vyazma,55.21,34.3,5.12,4.01,12,86
455,Osmena,12.17,124.59,20.27,1.96,8,100
456,Mardin,37.32,40.72,10.0,7.2,75,100
457,Flin Flon,54.77,-101.88,-6.0,6.7,20,53
458,Bartlesville,36.75,-95.98,16.11,1.5,75,87
459,Nouadhibou,20.93,-17.03,22.0,7.2,20,56
460,Minot,48.23,-101.3,5.56,7.7,90,52
461,Zhangjiakou,40.77,114.88,-6.14,6.16,0,63
462,Nanakuli,21.39,-158.15,19.0,2.6,90,100
463,Corvallis,44.56,-123.26,10.0,2.6,90,100
464,Kingaroy,-26.54,151.84,20.0,2.1,90,100
465,Kirovsk,67.62,33.66,-4.44,1.76,32,69
466,College,64.86,-147.8,-1.0,1.5,90,100
467,Ulladulla,-35.36,150.48,17.22,4.1,75,100
468,Valerianovsk,58.76,59.55,-3.74,1.86,0,87
469,Galesong,-5.32,119.37,25.0,2.1,20,94
470,Ancona,41.04,-88.87,12.78,4.1,90,57
471,Nalut,31.86,10.98,12.47,4.21,32,60
472,Anadyr,64.73,177.51,-3.0,17.0,75,92
473,Westport,53.8,-9.52,11.11,5.1,75,81
474,Rasulabad,26.68,79.78,25.07,1.36,8,46
475,Lazaro Cardenas,28.39,-105.62,24.44,5.1,5,19
476,Atar,20.52,-13.05,27.0,3.1,76,37
477,Victoria,5.28,115.24,27.0,2.1,75,88
478,Shubarshi,48.59,57.19,2.97,3.76,88,69
479,Lorengau,-2.02,147.27,28.07,4.36,48,99
480,La Primavera,-32.92,-68.67,24.0,3.1,0,47
481,Biak,-0.91,122.88,25.07,1.21,92,100
482,Buala,-8.15,159.59,25.47,2.56,88,100
483,Le Vauclin,14.55,-60.84,31.0,7.2,40,55
484,Kiama,-34.67,150.86,21.11,4.1,75,100
485,Santa Cruz,36.97,-122.03,14.44,1.51,1,87
486,Ambovombe,-25.18,46.09,25.22,5.46,0,86
487,Skeldon,5.88,-57.13,29.77,6.86,0,81
488,Maceio,-9.67,-35.74,30.0,4.1,40,58
489,Lavrentiya,65.58,-170.99,-1.54,10.66,92,95
490,Beyneu,45.32,55.19,5.32,2.31,92,73
491,Marsaxlokk,35.84,14.54,15.0,3.6,20,62
492,Pinhao,-25.7,-51.66,25.27,1.31,0,57
493,Whitecourt,54.14,-115.68,-1.0,1.0,75,74
494,Sivas,39.75,37.01,-3.89,5.1,90,92
495,Cape Coast,5.11,-1.24,30.92,2.86,12,58
496,Nantucket,41.28,-70.1,12.22,8.2,1,76
497,Burgersdorp,-30.99,26.32,13.37,1.16,0,66
498,Petropavlovsk-Kamchatskiy,53.05,158.65,-1.0,6.0,20,54
499,Tambacounda,13.77,-13.67,40.0,3.1,0,28
500,San Francisco,37.78,-122.42,13.33,2.1,1,76
501,Kahramanmaras,37.58,36.93,10.0,2.6,75,87
502,Prata,-19.31,-48.92,30.82,2.41,0,56
503,Kralendijk,12.15,-68.27,29.0,8.7,40,70
504,Baruun-Urt,46.68,113.28,-10.84,4.01,0,54
505,Syracuse,43.05,-76.15,8.89,2.1,90,70
506,Hanmer Springs,-42.52,172.83,4.22,1.61,8,95
507,Nata,34.78,32.57,17.0,8.2,40,72
508,Rome,41.89,12.48,18.89,4.6,0,38
509,Berlevag,70.86,29.09,0.0,14.9,0,100
510,Sulangan,11.14,123.72,26.97,5.76,20,100
511,Kamaishi,39.28,141.86,-2.59,1.86,88,63
512,Ushtobe,45.25,77.98,12.92,2.71,68,64
513,Stromness,42.87,-79.55,9.44,1.0,90,45
514,Carlsbad,50.23,12.87,14.44,2.6,0,50
515,Mombaca,-5.74,-39.63,28.17,3.56,20,80
516,Rorvik,64.86,11.24,5.0,7.2,75,60
517,Muyezerskiy,63.93,31.65,3.22,7.41,32,77
518,Waounde,15.26,-12.87,35.47,4.01,92,26
519,Saint George,39.45,22.34,12.0,4.6,20,50
520,Mayo,63.59,-135.9,0.0,2.1,20,77
521,Franklin,35.93,-86.87,17.22,3.1,75,55
522,Jumla,29.28,82.18,0.32,0.81,32,86
523,Islahiye,37.03,36.63,11.67,2.6,75,87
524,Pundaguitan,6.37,126.17,26.47,3.36,68,100
525,Vaitape,-16.52,-151.75,29.17,3.66,76,97
526,Siderno,38.28,16.3,17.0,5.7,0,48
527,Flinders,-34.58,150.85,21.11,4.1,75,100
528,Mach,29.87,67.33,13.22,4.06,0,39
529,Sechenovo,55.22,45.89,-4.84,2.11,0,86
530,Iisalmi,63.56,27.19,8.0,5.1,0,62
531,Port Antonio,18.18,-76.45,29.0,2.6,40,54
532,Zheleznodorozhnyy,55.75,38.0,3.0,2.0,90,86
533,Genhe,50.78,121.52,-20.34,1.26,20,48
534,Matagami,9.67,8.4,31.77,3.21,0,22
535,Szydlowiec,51.23,20.86,12.78,4.6,75,71
536,Sovetskiy,56.76,48.47,0.62,4.21,92,94
537,San Rafael,-34.61,-68.33,28.42,3.81,0,33
538,Bosaso,11.28,49.18,26.07,3.66,0,100
539,Vila Velha,-3.71,-38.6,31.11,6.2,40,55
540,Lampazos de Naranjo,27.02,-100.51,26.77,1.41,0,54
541,Kilis,36.72,37.12,9.0,1.5,90,87
542,Yerbogachen,61.28,108.01,-4.99,2.66,32,86
543,Vao,59.1,26.19,3.47,5.16,0,86
544,Karratha,-20.74,116.85,25.67,2.36,48,71
545,Pandan,11.72,122.09,26.67,4.31,0,99
546,Granby,45.41,-72.73,7.22,1.61,90,100
547,Tolbazy,54.01,55.89,1.0,6.0,90,80
548,Bubaque,11.28,-15.83,31.47,4.96,0,73
549,Abha,18.22,42.5,20.0,5.1,20,63
550,Sinnamary,5.38,-52.96,28.57,5.21,48,84
551,Lebork,54.54,17.75,11.67,9.3,20,66
552,Merauke,-8.49,140.4,25.57,4.96,68,100
553,Hue,16.47,107.58,26.0,1.5,75,100
554,Kirkland Lake,48.15,-80.03,-5.0,2.6,1,57
555,Taltal,-25.41,-70.49,20.92,1.56,76,68
556,Bonavista,48.65,-53.11,2.22,4.02,48,71
557,Kuybyshevo,44.63,33.86,5.27,3.71,0,100
